0.000000 48 18 59
0.003922 49 21 66
0.007843 50 24 74
0.011765 52 27 81
0.015686 53 30 88
0.019608 54 33 95
0.023529 55 35 101
0.027451 56 38 108
0.031373 57 41 114
0.035294 58 44 121
0.039216 59 47 127
0.043137 60 50 133
0.047059 60 53 139
0.050980 61 55 145
0.054902 62 58 150
0.058824 63 61 156
0.062745 64 64 161
0.066667 64 67 166
0.070588 65 69 171
0.074510 65 72 176
0.078431 66 75 181
0.082353 67 78 186
0.086275 67 80 190
0.090196 67 83 194
0.094118 68 86 199
0.098039 68 88 203
0.101961 69 91 206
0.105882 69 94 210
0.109804 69 96 214
0.113725 69 99 217
0.117647 70 102 221
0.121569 70 104 224
0.125490 70 107 227
0.129412 70 109 230
0.133333 70 112 232
0.137255 70 115 235
0.141176 70 117 237
0.145098 70 120 240
0.149020 70 122 242
0.152941 70 125 244
0.156863 70 127 246
0.160784 70 130 248
0.164706 69 132 249
0.168627 69 135 251
0.172549 69 137 252
0.176471 68 140 253
0.180392 67 142 253
0.184314 66 145 254
0.188235 65 147 254
0.192157 64 150 254
0.196078 63 152 254
0.200000 62 155 254
0.203922 60 157 253
0.207843 59 160 252
0.211765 57 162 252
0.215686 56 165 251
0.219608 54 168 249
0.223529 52 170 248
0.227451 51 172 246
0.231373 49 175 245
0.235294 47 177 243
0.239216 45 180 241
0.243137 43 182 239
0.247059 42 185 237
0.250980 40 187 235
0.254902 38 189 233
0.258824 37 192 230
0.262745 35 194 228
0.266667 33 196 225
0.270588 32 198 223
0.274510 30 201 220
0.278431 29 203 218
0.282353 28 205 215
0.286275 27 207 212
0.290196 26 209 210
0.294118 25 211 207
0.298039 24 213 204
0.301961 24 215 202
0.305882 23 217 199
0.309804 23 218 196
0.313725 23 220 194
0.317647 23 222 191
0.321569 24 224 189
0.325490 24 225 186
0.329412 25 227 184
0.333333 26 228 182
0.337255 27 229 180
0.341176 29 231 177
0.345098 30 232 175
0.349020 32 233 172
0.352941 34 235 169
0.356863 36 236 166
0.360784 39 237 163
0.364706 41 238 160
0.368627 44 239 157
0.372549 47 240 154
0.376471 50 241 151
0.380392 53 243 148
0.384314 56 244 145
0.388235 59 244 141
0.392157 63 245 138
0.396078 66 246 135
0.400000 70 247 131
0.403922 74 248 128
0.407843 77 249 124
0.411765 81 249 121
0.415686 85 250 118
0.419608 89 251 114
0.423529 93 251 111
0.427451 97 252 108
0.431373 101 252 104
0.435294 105 253 101
0.439216 109 253 98
0.443137 113 253 95
0.447059 116 254 92
0.450980 120 254 89
0.454902 124 254 86
0.458824 128 254 83
0.462745 132 254 80
0.466667 135 254 77
0.470588 139 254 75
0.474510 142 254 72
0.478431 146 254 70
0.482353 149 254 68
0.486275 152 254 66
0.490196 155 253 64
0.494118 158 253 62
0.498039 161 252 61
0.501961 164 252 59
0.505882 166 251 58
0.509804 169 251 57
0.513725 172 250 55
0.517647 174 249 55
0.521569 177 248 54
0.525490 179 248 53
0.529412 182 247 53
0.533333 185 245 52
0.537255 187 244 52
0.541176 190 243 52
0.545098 192 242 51
0.549020 195 241 51
0.552941 197 239 51
0.556863 200 238 51
0.560784 202 237 51
0.564706 205 235 52
0.568627 207 234 52
0.572549 209 232 52
0.576471 212 231 53
0.580392 214 229 53
0.584314 216 227 53
0.588235 218 226 54
0.592157 221 224 54
0.596078 223 222 54
0.600000 225 220 55
0.603922 227 218 55
0.607843 229 216 56
0.611765 231 215 56
0.615686 232 213 56
0.619608 234 211 57
0.623529 236 209 57
0.627451 237 207 57
0.631373 239 205 57
0.635294 240 203 58
0.639216 242 200 58
0.643137 243 198 58
0.647059 244 196 58
0.650980 246 194 58
0.654902 247 192 57
0.658824 248 190 57
0.662745 249 188 57
0.666667 249 186 56
0.670588 250 183 55
0.674510 251 181 55
0.678431 251 179 54
0.682353 252 176 53
0.686275 252 174 52
0.690196 253 171 51
0.694118 253 169 50
0.698039 253 166 49
0.701961 253 163 48
0.705882 254 161 47
0.709804 254 158 46
0.713725 254 155 45
0.717647 254 152 44
0.721569 253 149 43
0.725490 253 146 41
0.729412 253 143 40
0.733333 253 140 39
0.737255 252 137 38
0.741176 252 134 36
0.745098 251 131 35
0.749020 251 128 34
0.752941 250 125 32
0.756863 250 122 31
0.760784 249 119 30
0.764706 248 116 28
0.768627 247 113 27
0.772549 247 110 26
0.776471 246 107 24
0.780392 245 104 23
0.784314 244 101 22
0.788235 243 99 21
0.792157 242 96 20
0.796078 241 93 19
0.800000 239 90 17
0.803922 238 88 16
0.807843 237 85 15
0.811765 236 82 14
0.815686 234 80 13
0.819608 233 77 13
0.823529 232 75 12
0.827451 230 73 11
0.831373 229 70 10
0.835294 227 68 10
0.839216 226 66 9
0.843137 224 64 8
0.847059 222 62 8
0.850980 221 60 7
0.854902 219 58 7
0.858824 217 56 6
0.862745 215 54 6
0.866667 214 52 5
0.870588 212 50 5
0.874510 210 48 5
0.878431 208 47 4
0.882353 206 45 4
0.886275 203 43 3
0.890196 201 41 3
0.894118 199 40 3
0.898039 197 38 2
0.901961 195 36 2
0.905882 192 35 2
0.909804 190 33 2
0.913725 187 31 1
0.917647 185 30 1
0.921569 182 28 1
0.925490 180 27 1
0.929412 177 25 1
0.933333 174 24 1
0.937255 172 22 1
0.941176 169 21 1
0.945098 166 20 1
0.949020 163 18 1
0.952941 160 17 1
0.956863 157 16 1
0.960784 154 14 1
0.964706 151 13 1
0.968627 148 12 1
0.972549 145 11 1
0.976471 142 10 1
0.980392 139 9 1
0.984314 135 8 1
0.988235 132 7 1
0.992157 129 6 2
0.996078 125 5 2
1.000000 122 4 2
